0 1 2 3 4 5 6 7 8 9 10 11 12 
13 14 15 16 1 17 18 19 20 5 21 22 23 24 25 26 
5 27 28 29 30 
31 32 33 34 35 36 5 37 38 
39 40 41 42 43 5 44 45 46 47 48 49 50 31 0 1 51 52 
53 54 55 56 57 52 58 5 
59 60 61 62 63 64 65 66 67 68 69 5 70 71 72 73 74 53 75 
76 77 78 79 80 30 1 81 44 82 83 84 85 86 87 88 5 89 90 
91 59 5 92 93 94 95 
65 5 
96 97 5 98 99 100 101 102 103 59 104 105 106 107 108 109 52 13 110 111 112 113 
114 115 1 116 117 118 119 120 121 122 5 
50 123 124 125 126 5 127 128 129 130 131 48 132 80 133 134 
135 136 137 138 139 140 141 142 143 144 145 146 5 147 148 149 150 151 152 153 
154 155 156 1 157 5 158 159 160 161 162 7 163 164 165 27 166 167 
168 5 169 170 171 90 172 173 174 
5 
175 176 41 177 178 179 5 180 181 182 59 183 184 185 186 187 
96 188 1 14 189 190 191 5 192 
59 5 193 100 194 195 196 197 198 199 200 201 
202 53 203 204 205 105 206 113 5 
207 187 5 166 208 30 1 209 210 211 212 213 52 214 60 178 215 216 217 218 219 220 
125 52 83 221 187 5 
222 223 60 224 225 5 169 226 125 227 228 229 230 231 232 233 234 235 236 237 238 
239 219 240 241 57 238 242 243 103 244 30 126 5 245 27 246 247 248 249 
250 5 231 251 252 253 254 255 256 257 258 29 259 41 260 261 262 263 264 265 266 52 102 
267 268 269 5 270 16 271 
272 5 273 274 34 275 
276 5 277 234 278 279 280 281 282 283 284 134 285 103 286 287 
260 288 289 290 291 292 231 131 41 293 294 78 5 295 253 187 296 
60 297 5 277 298 299 300 301 302 303 304 305 306 307 
105 5 34 308 309 310 164 311 43 312 
313 314 315 316 317 5 318 319 200 320 321 322 323 324 325 326 32 327 328 44 329 35 330 331 
96 332 333 334 335 336 337 338 339 5 
340 341 342 343 344 5 291 41 345 
346 347 57 102 348 349 350 351 1 352 5 353 
354 355 5 356 208 357 358 
359 360 23 96 5 361 56 362 363 364 365 366 367 368 369 370 
10 193 104 5 313 371 27 372 
103 373 374 375 5 201 376 377 
378 36 159 103 191 1 379 380 329 289 381 382 5 
5 383 384 385 386 387 388 107 389 41 390 391 60 102 8 
181 5 392 180 393 394 395 396 287 397 398 399 400 401 402 
335 308 178 5 310 403 404 405 406 
135 407 408 409 410 92 411 412 48 413 5 198 414 
382 415 96 5 416 417 279 287 
418 419 420 421 422 327 423 10 424 425 426 5 427 428 429 430 431 432 433 434 200 
435 436 5 437 438 272 439 339 440 88 69 441 58 
442 443 88 5 156 313 444 
445 269 68 446 447 448 5 449 89 450 451 452 453 1 125 159 454 
455 456 457 5 458 459 460 461 462 463 464 287 
446 465 5 146 466 467 346 
337 468 469 48 470 471 472 245 473 5 313 474 
5 475 379 
476 477 5 478 479 52 44 259 34 480 481 482 102 59 483 484 
485 5 486 140 487 92 488 327 449 
489 490 491 313 5 492 265 
96 493 51 494 495 496 89 497 498 5 499 193 500 52 501 502 381 503 504 505 
506 48 102 507 254 5 508 509 63 259 
96 64 510 511 213 512 1 513 5 97 514 515 205 516 517 518 519 520 488 521 522 
523 524 525 526 527 5 528 529 96 153 530 531 532 533 534 535 536 537 538 539 
540 541 542 312 220 5 543 544 545 546 
547 239 10 27 340 548 549 550 5 7 551 552 553 554 555 156 556 557 260 421 466 
50 30 5 
204 558 5 559 523 560 561 562 376 563 564 565 
480 566 5 567 568 322 
569 1 5 420 570 571 507 53 572 201 573 172 
574 96 452 575 91 576 113 577 578 5 180 579 321 580 229 59 160 581 
582 5 583 
122 584 30 5 585 284 586 59 587 588 53 589 590 591 
592 5 593 468 
594 113 258 595 466 5 596 597 194 598 
599 600 5 411 463 281 601 352 52 34 467 
460 329 602 603 604 605 606 5 607 310 124 404 110 608 194 609 610 142 611 
51 172 612 590 613 614 602 180 538 615 346 5 441 616 207 52 617 618 
63 619 444 620 312 220 5 621 622 623 624 446 259 625 626 627 112 465 628 629 630 
50 288 631 5 632 146 633 586 172 252 
50 41 441 5 400 223 634 
122 5 635 16 
207 231 245 310 266 52 636 505 96 637 259 5 638 590 639 584 640 
5 405 641 642 451 606 643 362 
339 554 644 102 472 52 132 645 646 175 647 335 5 648 
114 287 267 94 104 5 165 48 141 649 91 650 651 652 653 654 655 656 96 657 658 
659 660 5 497 661 642 
44 5 91 662 96 663 664 4 665 666 667 668 
372 122 180 669 102 670 671 672 673 212 5 674 16 
675 460 54 676 677 366 678 5 679 
87 680 274 681 1 5 568 349 50 682 
425 91 576 90 322 263 5 683 514 684 
685 339 59 686 5 687 
576 688 291 689 5 273 53 690 
78 287 691 517 521 692 154 327 200 575 134 266 693 5 
312 220 5 
694 240 5 695 696 697 
472 698 56 699 289 700 701 702 282 5 575 
703 53 704 489 60 705 5 706 
100 59 707 708 709 5 710 
5 178 711 712 53 44 713 59 714 
50 715 5 191 
602 716 717 718 719 349 5 263 663 364 
5 720 41 266 721 52 722 53 
425 723 724 178 725 726 727 728 517 729 730 731 290 5 91 441 732 
289 733 734 735 736 737 290 738 739 740 5 200 
690 741 52 5 742 743 744 
745 5 
5 746 441 
187 58 392 231 747 748 749 750 751 752 34 5 575 
259 753 754 638 755 756 5 34 757 758 759 760 436 626 113 
259 761 762 132 763 764 88 765 766 293 141 5 767 
69 768 5 441 
172 769 770 771 772 773 313 774 775 5 776 777 462 778 779 
254 780 592 466 88 781 782 5 486 465 7 783 784 785 
460 786 5 679 787 112 449 
788 265 789 790 499 780 472 507 791 792 266 793 794 5 
762 795 79 796 5 797 798 96 94 252 799 800 801 802 43 1 
803 60 804 805 299 431 494 806 1 5 807 808 
10 27 809 810 811 25 436 466 812 813 389 814 815 1 86 5 204 592 
816 51 60 245 817 5 818 
819 191 820 821 822 26 27 247 506 823 5 
51 793 824 1 5 310 266 52 254 67 763 465 688 825 112 794 411 220 146 826 103 827 
31 828 829 830 5 
831 832 159 833 318 434 834 1 468 835 793 836 837 5 838 65 103 113 839 840 
239 632 841 274 5 606 
842 322 843 844 5 701 845 846 847 848 25 364 
849 850 851 320 5 
5 193 57 82 141 
852 853 44 474 5 24 59 854 855 856 
338 857 858 53 859 860 266 861 5 
30 67 705 5 626 313 102 862 79 508 863 
289 801 567 181 610 864 865 866 867 868 869 59 5 870 
5 
659 871 351 67 872 873 874 362 5 197 325 875 876 156 
425 231 109 283 877 878 660 879 5 91 880 533 881 882 34 357 23 840 883 548 802 205 54 519 
335 340 884 885 886 887 182 888 180 718 889 5 25 374 379 52 34 252 
197 890 5 45 
780 891 892 457 821 893 5 113 894 895 449 
896 897 898 1 899 579 5 900 901 902 96 102 903 554 90 322 32 60 
590 904 60 905 102 31 906 5 411 907 
908 178 909 295 817 910 911 5 
50 912 913 914 458 915 123 5 
916 327 200 113 682 917 918 919 5 141 339 132 52 103 
182 18 920 921 922 421 331 810 290 923 239 924 5 
96 193 472 263 925 626 825 5 130 926 202 927 898 102 928 929 
576 5 930 931 248 932 
87 680 561 5 565 933 934 935 780 936 937 938 517 939 940 52 
96 941 27 41 107 457 528 821 942 943 152 5 609 944 82 146 
207 480 364 945 946 947 948 949 5 519 10 774 950 951 48 684 952 953 954 396 955 
52 956 957 5 340 604 548 
958 54 156 959 5 376 468 
960 18 5 569 
961 5 168 962 584 
668 469 963 459 564 964 5 661 
528 965 96 60 462 966 466 967 968 969 970 5 205 516 
971 5 972 197 569 
96 973 5 60 974 642 636 975 212 
976 775 5 977 510 
437 978 1 5 10 979 584 
46 5 980 981 982 983 984 985 986 149 11 602 987 751 412 988 989 990 422 705 991 722 
5 992 108 669 993 700 104 57 994 106 995 
996 997 5 199 200 59 879 77 79 327 998 57 815 999 1000 798 
857 500 351 584 77 783 1 522 5 180 181 59 1001 43 
103 191 1002 5 
54 676 366 678 5 679 
1003 218 411 881 266 637 220 5 480 1004 322 
96 1005 1006 1007 30 1008 1009 1 502 5 220 845 200 728 1010 516 1011 1012 1013 
1014 1015 576 660 396 519 1016 1017 1018 1019 266 1020 1021 273 5 219 1022 178 60 468 
1023 425 197 1024 1 312 5 158 1025 248 253 1026 606 207 107 
558 503 498 5 
480 887 146 1027 113 5 1028 
191 833 5 626 962 116 592 1029 55 27 1030 13 519 1031 58 59 1032 
96 517 229 1033 684 267 5 1034 231 1035 1036 1037 1038 61 34 980 
100 509 5 
53 709 1039 59 1040 1041 113 102 1042 5 398 1043 1044 111 626 825 1045 833 
1046 1047 854 1048 1049 67 312 220 5 1050 1030 1051 1052 1053 
5 1054 1055 331 
400 168 827 1056 55 379 5 351 1057 117 584 801 1058 
231 1059 1060 672 1061 200 327 1062 331 1063 1064 1065 673 5 391 958 
710 1066 339 335 5 
207 288 468 92 274 938 700 1067 1068 1069 1070 1 56 100 5 863 
697 5 1071 386 1072 41 9 187 449 46 1073 1074 423 328 
5 575 56 1075 1076 289 1077 665 1078 868 841 1079 202 76 1080 
1081 467 5 363 24 41 390 868 877 337 1082 1083 1084 368 1085 1086 1087 1088 
204 558 5 559 523 560 561 562 376 563 564 565 
459 60 1089 1090 517 1091 1092 293 286 96 5 863 
5 695 1093 
103 5 1094 172 1095 1096 
180 104 88 5 103 40 502 1097 
52 5 1098 
1099 1100 1042 5 193 156 
567 599 5 273 52 1101 33 
5 766 
1102 999 5 1103 338 1104 1105 81 79 82 1106 1107 
1108 1109 999 1110 1111 1112 312 220 5 1113 913 320 339 1114 334 335 793 
623 1115 775 5 
113 5 4 642 1116 
55 1117 84 266 1118 1119 88 1120 43 5 229 263 123 331 
1121 197 5 1122 102 374 
1123 1124 285 468 123 1125 1126 82 124 5 1127 60 1128 422 1129 1130 1131 
444 5 1132 1133 
1134 1135 5 1136 1137 
1138 55 212 1139 116 1140 1141 1142 1143 903 117 429 5 
1144 1145 47 5 1146 
1147 1148 394 5 1149 1150 1151 59 
840 1152 5 1153 845 96 1154 
1155 1156 5 
5 1157 
176 1079 5 1158 56 1159 208 96 840 1160 122 
208 153 771 92 259 1161 1162 5 31 1163 27 1164 1165 1166 1167 
1168 5 1169 1170 86 1171 
425 1172 1173 30 1 600 5 833 1174 331 1175 1176 
1177 5 194 1178 876 52 81 
122 1123 1124 1179 5 187 50 1045 825 1180 
1181 43 5 283 1182 1183 1184 
96 499 1185 60 382 1186 1187 5 329 1188 1045 55 721 124 1189 
103 1190 5 1191 150 407 1192 
1105 314 603 310 91 5 
259 1193 347 248 607 5 1194 1195 1196 1197 
981 1198 113 5 197 1199 102 631 1200 86 103 1201 582 1202 318 1203 404 310 334 
1051 865 5 969 27 30 1 1204 428 180 803 487 1205 41 474 187 
970 1206 1207 320 1208 207 27 57 1209 780 107 5 1210 287 468 1211 
1181 521 1212 979 1213 5 
96 775 1214 754 1215 1216 263 433 678 5 
0 4 281 5 298 1217 1218 1219 1220 
1221 999 43 5 1222 1223 
1224 1225 599 1226 1227 430 521 1228 94 1229 1230 1231 284 1232 331 1233 637 5 976 266 
59 5 
1234 774 1235 5 841 28 27 931 444 1236 
1237 1238 5 
1239 640 1240 168 1241 512 1187 1242 1243 440 1244 199 1245 59 1246 5 1210 194 828 826 1247 982 
5 1248 
542 178 5 96 1249 253 132 1250 189 325 1251 
506 289 458 470 59 5 
88 609 230 68 1252 67 5 1253 
312 220 5 1254 1255 1256 52 1257 259 362 
5 411 
521 154 1258 68 59 86 868 619 5 
103 706 1 1259 44 1260 142 153 5 266 468 
1239 1261 1262 1249 1263 1264 197 121 516 1071 874 1265 498 180 1266 468 1267 1268 5 220 
5 123 845 68 82 1269 1270 50 564 235 252 329 202 
1271 1272 472 1273 5 194 449 
96 560 1274 1275 191 5 834 637 47 260 1276 1277 178 705 1278 1173 187 425 1279 154 820 
739 462 231 817 1280 1102 1 259 302 682 113 5 1281 
59 5 1282 613 1283 108 
1284 18 5 736 122 1285 602 995 
1286 30 105 1287 1288 259 472 421 841 962 484 5 
1289 5 200 
96 5 1290 56 1291 16 1292 53 1293 1030 693 1294 9 44 388 1295 1296 164 1297 
96 351 465 1298 1299 103 5 
425 5 283 
460 313 5 1071 
5 863 1300 603 57 780 265 96 27 214 
1301 1302 1303 1210 237 1 263 1304 1137 1305 1306 122 5 1307 1308 
745 5 
46 44 1309 839 840 1310 1311 398 1312 1313 682 15 5 254 229 320 599 1051 
931 248 496 5 207 1100 154 1314 386 44 390 88 1315 987 335 
96 64 30 718 1316 1317 1318 231 458 187 122 5 194 646 1319 1320 1321 
876 457 998 4 565 1322 1323 362 1324 5 96 568 1325 194 205 28 496 1326 89 
1327 379 1328 366 678 5 679 295 
96 4 87 500 930 559 141 283 1329 1002 716 451 1330 1164 1331 229 1332 113 5 683 
1333 1334 59 96 632 1335 5 154 1336 1337 1338 187 1339 
1340 60 218 619 1004 500 5 180 164 964 1030 1051 248 941 141 1045 
745 5 
289 253 5 1341 310 598 1342 970 979 79 94 1343 1344 
1345 624 1346 1347 517 197 1 1348 1349 1350 5 485 160 396 1351 648 874 
958 54 156 959 5 679 329 1124 
1352 5 511 59 404 1074 322 1353 256 1354 187 96 52 922 969 1355 
480 1356 1357 113 5 841 102 1358 
876 1359 182 1071 1052 242 1360 446 259 14 5 729 1361 444 229 52 235 1362 411 220 
584 10 44 648 1363 1364 109 5 
331 1365 1366 329 1367 30 200 320 833 5 
5 1368 1369 449 
96 5 1370 301 981 916 
51 60 1371 1372 98 1373 91 1210 259 1374 759 498 1375 5 
55 74 5 1359 59 266 193 1312 1376 
96 498 614 602 59 5 477 1 1377 193 
1254 102 178 5 335 626 841 378 198 403 549 1226 1227 
1378 1379 1380 1381 1382 59 93 92 863 366 159 1 1383 5 828 30 1384 1385 1386 729 1058 830 
248 259 1387 1074 780 60 930 1388 667 229 1389 5 166 1390 
1391 576 92 458 34 204 5 1071 405 146 
209 757 1117 96 1392 1393 1064 626 1394 1395 59 5 711 239 229 888 
289 598 1396 5 27 30 1 254 1397 444 252 1398 1399 1400 425 1401 1402 754 1403 191 379 
1362 344 567 876 182 1404 661 1405 237 833 5 107 
96 5 1406 1407 947 1408 194 1409 643 1410 1411 132 1412 113 577 
506 1413 441 5 
1414 1415 1416 576 775 833 5 203 197 113 1035 753 1417 
1418 5 283 
1415 5 488 1419 980 683 602 223 1420 252 831 34 340 1421 1422 1296 
1423 1424 485 5 915 726 
5 1425 337 493 51 1426 
710 5 817 1427 84 
298 5 91 1428 1282 
55 207 178 5 
1429 1430 289 159 5 
103 1431 1432 1433 5 679 125 78 260 1434 60 519 
59 421 738 1249 1435 178 1436 5 1437 1438 318 41 1092 1222 
599 717 1439 1440 5 
562 5 1288 477 273 449 
1011 1030 59 686 5 
437 1441 1442 102 1443 182 1314 1444 1301 5 1445 896 1446 
10 468 207 865 187 5 1447 60 160 
430 1065 775 5 152 1448 113 297 1449 1450 1451 1452 
197 10 1453 5 
1454 58 962 484 1173 833 5 107 245 1455 1456 82 841 335 396 
561 131 850 602 311 172 93 258 1396 284 1457 1458 5 
312 220 5 44 648 1254 1255 
425 1459 1124 289 172 40 1460 1362 1097 51 60 1422 235 5 1461 1462 576 717 634 1217 
1463 1464 1067 260 5 981 69 
269 103 178 5 794 203 314 
686 575 5 1465 98 478 1464 60 
1118 5 643 
202 1466 1467 41 1 1251 281 458 5 
400 349 5 
204 558 5 559 523 560 561 562 376 563 564 565 
1468 567 1199 5 1210 1469 1470 1471 1472 
376 1473 104 5 983 178 180 1474 985 
67 1401 23 65 1475 124 722 69 327 441 5 1 453 
328 1476 30 5 118 908 1477 32 
961 1478 44 1479 335 1480 554 355 5 
561 44 1481 467 1482 331 219 1451 962 1483 422 200 1062 1484 775 5 1485 
51 60 1371 1372 1373 91 1210 259 1374 759 498 1375 5 
5 1486 474 310 96 1487 498 1103 198 807 27 1488 84 266 1489 116 512 1490 1491 1492 1493 1030 516 1494 
694 240 5 695 696 697 
1495 818 1496 1394 425 248 1497 5 1498 835 58 1499 32 1500 200 1501 
1459 412 1289 5 329 37 159 780 
1502 1503 329 49 1067 5 82 930 314 205 971 381 498 1086 1504 286 1202 318 449 495 1505 1506 697 
1507 5 329 667 1508 229 706 954 1509 
178 5 
207 1510 1511 1512 1149 5 1513 238 1514 672 1199 1257 
1515 197 5 985 621 
400 112 96 267 193 235 34 1516 168 59 182 710 44 903 52 1517 1518 223 1369 653 60 1519 5 187 
178 1520 111 159 1186 827 1051 5 1521 
626 146 312 220 5 485 197 26 876 1522 25 81 79 793 1 207 231 259 576 1523 263 863 801 378 205 1108 
5 845 150 1524 
103 259 1525 507 4 1526 632 1527 380 5 1528 660 646 1529 1530 848 336 60 1348 
1405 1531 1090 5 1532 244 55 
460 1533 5 449 
697 1534 609 5 
250 1201 1535 43 677 901 1071 178 1536 1537 121 865 1487 7 1538 1539 10 4 429 1397 1540 5 363 
1541 137 1487 266 929 5 
273 305 1542 169 5 329 
817 5 444 411 468 220 13 1543 1544 32 642 1545 252 259 
697 25 1546 437 1100 810 5 55 443 
596 1217 1547 1265 626 327 693 259 1321 5 310 212 1067 1328 1548 1549 223 237 
1550 52 5 1551 1552 1244 43 787 484 
51 566 1553 180 259 637 16 626 554 378 1554 1555 1556 60 722 1049 5 124 125 34 484 
60 827 238 1557 590 1049 800 613 1067 5 1558 1559 1560 1561 1562 
5 266 1563 508 58 254 252 
50 299 1564 1140 261 667 833 1565 1566 1567 372 366 368 1568 5 218 57 1569 930 107 1570 539 195 
425 554 30 197 980 96 1571 1572 467 5 
1256 114 5 1573 7 718 1574 
203 191 1 1575 5 329 28 1023 827 
1415 1253 915 1576 1577 1578 1579 1580 79 77 5 1581 613 1582 1583 
203 9 503 1 1201 5 789 727 386 391 
187 1584 141 841 1385 252 516 1585 1049 67 1586 47 356 1587 189 1588 1253 5 1589 451 
1590 908 172 34 1591 1592 983 67 1593 1428 1170 313 102 335 5 329 
1594 529 1365 329 1467 1376 817 5 252 1518 1471 918 51 1027 337 1595 
460 675 54 677 366 678 5 679 
489 663 1596 1597 67 50 30 1 1598 1599 519 1042 915 1600 1601 5 1564 1602 
1149 5 32 1321 1603 
382 24 1051 340 421 1295 785 806 1121 1604 27 590 759 1605 643 5 288 
55 5 1102 1606 1607 41 179 1608 1609 52 684 1610 881 415 993 141 1113 56 16 1611 1612 
50 77 79 474 349 1613 113 5 1614 1615 1616 446 997 1617 107 1149 
516 976 1071 1618 1095 725 43 1619 1620 5 
1621 1622 1583 684 508 1623 5 52 312 81 79 220 411 1624 507 327 1625 701 
96 1066 1626 335 5 
96 562 5 1071 793 
881 5 491 79 1627 1628 331 
50 1629 1630 1631 1632 1633 1634 112 1624 705 5 725 411 220 613 1635 
103 1 725 349 5 44 1073 1636 1259 91 687 
1637 710 511 599 660 602 1638 5 115 1285 1639 1640 338 53 265 41 590 69 
840 864 5 1153 845 
1375 1641 1642 1643 1644 219 220 5 621 
202 53 5 91 14 774 283 123 817 1645 
1227 925 1646 751 325 267 102 718 562 766 5 1647 
41 1648 629 1324 1649 122 268 312 220 5 1354 1439 1097 102 
1646 1650 1651 142 776 329 11 673 181 930 424 5 
1514 64 230 1652 321 567 5 156 1350 1653 338 1654 1655 480 1656 
5 1495 16 107 646 1 115 193 266 
1657 1590 1658 1613 79 1659 486 5 992 1322 1660 30 
41 320 1661 437 122 335 1662 993 30 5 717 
57 5 27 1270 59 266 219 1004 58 77 79 403 103 1187 338 1427 51 1663 213 1664 
5 91 704 405 200 321 
1173 5 710 
207 326 287 1652 1665 1666 686 954 892 5 1667 409 1668 825 1669 366 64 
55 999 5 337 58 59 1512 1670 1671 1672 289 104 27 
96 742 5 1673 841 102 1674 411 252 
1675 1676 5 626 1426 491 599 1677 401 
57 79 947 660 1678 1679 519 1680 1395 259 5 1681 258 297 506 1682 446 
1683 5 1624 308 1684 193 1685 1102 219 231 52 180 13 472 1681 248 1686 1441 266 53 
412 191 5 202 289 194 1687 322 207 1478 
1688 1689 648 5 
1690 1554 96 1691 396 437 281 5 1692 597 310 1270 1384 1350 1693 207 1694 1212 1695 
50 1696 172 178 53 301 34 858 1697 5 446 793 102 841 337 1431 626 374 898 
298 5 91 1428 1282 
1698 627 1699 1228 5 1700 449 
259 94 1212 156 1701 113 5 1702 1703 850 804 452 321 213 1283 1030 530 638 888 
1704 626 1705 1063 1706 1707 1708 5 488 200 1194 1709 1710 
60 178 474 1468 1493 123 5 495 43 1711 391 203 693 669 971 1428 1282 
1712 468 1043 59 404 1713 817 218 411 1506 5 1634 1064 848 230 100 1164 1714 263 1490 4 79 237 905 599 52 
1715 5 496 495 89 1716 
1717 1718 1609 90 96 845 5 329 1719 1720 1721 
697 1158 41 5 609 1722 519 
398 931 270 5 1231 935 448 930 81 79 
760 5 34 1700 
212 714 995 59 1723 1724 331 1725 5 898 
425 398 1726 1042 1321 387 828 5 1727 1728 231 363 801 1729 1636 287 1730 1669 
96 5 416 1647 1227 1583 198 4 1164 565 1731 89 378 1732 519 
96 1 866 5 621 1733 334 666 1008 1734 125 1735 447 1385 1736 1737 1738 
250 1739 1740 5 329 1072 1741 4 1742 409 704 925 1743 
96 189 1744 5 449 
1745 106 5 1110 484 266 904 1746 32 511 
96 1747 523 1748 113 5 642 576 1749 1750 248 1100 1 1213 368 683 498 1751 663 
669 1104 5 164 1465 553 519 530 74 1720 266 53 226 1752 1722 60 214 
1 420 51 5 
103 115 828 1753 5 1754 1755 1756 229 182 1757 1030 669 
5 1758 765 1759 1 717 446 1051 429 1760 1761 229 670 1762 1714 742 103 1763 529 1440 775 700 1764 1765 
55 5 178 
876 863 793 512 452 5 89 684 
1403 5 
694 240 5 695 696 697 
193 187 254 5 59 567 60 999 1766 
1729 5 575 564 289 1121 52 91 327 104 235 1249 1767 60 962 1768 194 
1495 480 1575 833 682 5 465 
1769 1770 452 321 194 1771 91 5 1772 132 
425 103 1 512 252 113 5 
1773 340 5 373 1375 405 103 1774 
104 673 1775 5 329 674 23 65 1444 1776 131 1079 1777 
709 1757 879 1778 41 1779 205 207 259 84 48 1780 507 5 1781 659 1782 824 
1188 245 1783 5 
27 822 5 60 999 
351 1057 1784 1785 1786 80 5 4 1787 194 266 1396 1788 289 159 632 592 1789 1790 596 1791 1202 
82 102 178 5 91 1702 1792 27 52 1520 48 141 1793 1280 100 466 254 1794 1795 13 765 1796 1797 793 1097 
1594 1798 1799 178 5 613 884 102 1800 871 
1801 67 472 13 237 441 83 1802 1803 159 265 833 5 857 335 729 320 1804 
312 626 825 484 314 1805 1092 202 1806 79 275 389 485 30 5 339 77 57 1505 1555 
1807 1255 1149 5 
1168 1808 1809 329 1810 1043 124 1453 5 817 1765 1811 1812 
1813 200 443 1814 5 
460 1815 5 
1816 1817 5 1818 287 
1819 505 1820 1201 5 112 990 980 1821 261 21 
910 291 13 189 1576 68 1079 841 1440 5 1043 180 722 287 30 1822 1428 
103 1823 1678 21 1824 519 1825 5 327 200 392 1457 
1240 5 252 
203 249 1826 793 5 247 575 180 309 80 1827 248 932 1616 1828 
96 780 1829 1830 1831 1 5 308 456 52 48 
269 59 1123 1124 1832 5 4 1543 1833 349 94 68 446 1813 60 1418 472 253 
535 1834 1660 49 1158 5 498 386 27 715 
1256 52 1124 1835 955 1149 5 1836 780 125 181 287 96 1837 727 
5 
738 1838 1592 359 1839 1194 430 156 1840 775 5 152 1841 34 1449 1740 
934 181 568 737 1386 34 656 923 1676 266 1517 5 291 322 
51 176 338 1 231 717 1842 329 521 1843 728 517 1844 207 961 245 1845 5 417 667 
74 632 1846 5 105 172 58 207 717 1288 287 
881 1384 472 1020 466 52 5 104 820 1847 
32 5 411 506 
266 5 
204 558 5 559 523 560 561 562 376 563 564 565 
493 5 
137 5 
68 1628 5 
207 187 1789 1848 132 1849 925 754 619 107 1850 24 1316 674 5 340 1210 637 1851 82 382 1249 1694 
1395 1023 1852 1853 5 1662 1181 
57 379 187 44 1854 576 1855 1085 267 5 1856 1457 1857 
647 5 1519 
962 223 102 5 
102 5 1858 1859 1860 
627 5 497 197 451 
1861 5 495 164 259 
1538 53 13 1862 52 48 63 910 238 5 1863 194 1864 793 1 1865 59 329 
1385 1124 372 454 1866 113 5 405 
1108 5 1867 712 
207 737 686 76 1868 930 51 114 615 5 1869 194 10 554 1870 123 1871 53 79 1872 1873 
1395 828 337 1676 5 817 79 813 1664 1325 446 1874 629 673 1552 1875 340 114 259 1070 1876 
417 289 5 
31 876 1877 1524 626 528 5 679 125 718 566 52 1609 573 756 
958 54 156 959 5 679 
10 1878 113 5 1075 97 567 1879 1880 824 51 980 
1149 5 
411 5 340 1493 310 765 609 381 1 557 1078 1881 452 321 587 24 13 
670 507 1544 828 10 1239 5 1146 1527 1121 
1873 1882 79 697 1883 5 207 1259 1 178 194 13 374 765 
1054 508 1146 5 1884 1885 576 
55 1886 1887 613 52 113 5 1244 578 164 1888 1889 1890 
697 92 621 1030 1891 1487 498 1892 348 1893 1 5 1894 1573 60 667 1895 
1108 564 265 626 146 178 5 1896 858 
1897 751 471 96 881 310 5 596 59 826 1898 1040 1110 
425 626 888 444 34 700 48 146 1333 5 283 51 461 1 1660 
881 780 885 1899 381 1162 187 1447 267 5 575 
1900 1901 540 541 1902 1903 43 1904 542 219 5 472 415 1385 
1905 1906 1907 5 1908 194 1909 
96 87 558 5 381 169 1617 104 412 1910 1911 1124 1912 
5 97 
1447 5 
57 16 1079 159 728 322 5 74 1871 1785 27 
1913 717 828 1914 579 1915 722 780 881 1074 322 5 103 1916 247 1917 1918 1020 1722 
1116 548 5 1919 1161 1702 318 
1813 200 443 1814 5 
169 5 1 1333 91 266 81 79 1628 229 191 379 1920 59 187 629 263 261 65 
266 619 5 44 236 710 592 245 1635 
1921 96 896 470 247 827 5 103 1369 437 104 193 
626 5 220 112 484 871 
1515 1922 363 5 
527 1923 340 231 363 663 493 44 1118 1116 5 1924 
300 502 1556 5 
55 631 5 632 146 50 633 586 172 252 449 
60 193 642 44 1144 1079 1925 172 1926 1283 510 180 259 30 43 5 1 98 1927 89 
259 1075 17 159 1928 1186 430 287 1227 13 123 1290 5 826 250 313 60 824 43 485 1552 1374 
229 31 51 1403 60 5 
114 517 828 446 1681 349 172 502 5 254 1929 1124 1664 123 1930 100 53 415 
10 5 
338 405 462 398 1 259 313 1122 1931 391 113 5 379 1932 1933 971 776 331 320 30 
5 491 
10 1934 1935 1936 1937 824 484 1685 1938 1453 5 930 1064 1385 1583 
10 1754 18 289 1140 103 841 5 1939 780 363 60 1940 1509 
27 32 60 1941 646 52 91 88 43 1012 1787 1282 78 1322 1605 1942 1943 1020 180 642 5 
59 5 1170 1378 92 622 
88 205 113 5 
1944 82 1945 1946 1947 1948 1949 169 346 780 1950 820 59 125 5 1951 1354 1952 
1515 197 5 985 621 
729 1953 1227 1954 5 
258 297 86 247 274 637 263 377 1378 833 1140 172 125 598 667 5 
202 289 1955 1956 1957 178 207 52 1 467 223 491 5 59 840 896 203 589 1958 
203 191 231 600 5 1959 1217 223 1811 569 
841 1385 540 541 546 250 949 542 5 
844 437 496 48 329 670 1960 352 1187 263 5 1961 841 1557 1962 1963 1964 
1447 1965 1966 448 220 84 626 79 172 433 642 763 112 1967 1968 1395 52 5 425 519 1374 
0 5 
92 5 273 
10 697 1051 57 5 844 340 1969 59 1970 1971 214 411 444 1769 398 1972 94 1973 
96 1759 1 866 5 1594 1030 709 979 125 517 761 191 379 1067 1950 621 472 10 1974 
697 5 527 41 
159 268 5 13 1771 727 1975 203 30 623 1976 298 557 1059 947 287 1977 132 
940 5 1978 
425 1979 388 498 386 759 643 27 1430 1317 5 1980 
126 5 1981 1982 1983 59 96 840 1984 1605 1323 
310 51 717 52 5 
5 554 197 1985 1348 301 207 93 1322 519 425 1986 122 235 848 1987 41 1283 1988 
637 1522 1 1989 5 27 548 1990 1991 551 918 1992 30 1993 13 1493 
460 1815 5 
1994 1995 312 220 5 96 327 116 1996 194 1162 1997 1998 1999 231 1536 1728 275 
678 1050 2000 60 191 379 5 930 2001 1123 609 1172 1875 1127 311 687 1662 
2002 523 667 1681 1259 320 229 5 1261 2003 818 2004 2005 13 
2006 1630 254 969 1804 2007 2008 468 156 5 400 1772 582 1729 
659 851 156 2009 5 1700 1842 519 1014 669 193 2010 2011 2012 474 629 2013 134 266 2014 1213 
2015 2016 1285 529 5 2017 102 24 193 1514 
96 363 5 1295 433 663 
178 5 2018 2019 2020 405 2021 
259 2022 667 2023 442 1444 2024 142 2025 366 2026 5 320 223 
0 575 313 5 1122 2027 669 817 1447 717 1100 2028 142 2029 2030 2031 
560 1622 5 1583 2032 2033 845 32 1090 89 2034 1644 237 
313 2035 466 5 152 444 425 1000 392 
717 2036 2037 2038 126 2039 2040 5 
425 203 258 1177 259 1292 5 826 2041 200 
340 968 2042 98 775 5 433 844 1 826 2043 58 
50 30 1 466 5 13 92 
441 273 5 219 46 92 187 2044 1237 114 299 888 1089 1 882 2045 1594 
906 437 46 259 5 602 2046 670 2047 962 2048 154 2049 114 299 1 866 
2044 2046 1841 1289 54 2050 180 320 55 1164 5 2051 2052 437 40 1227 
908 178 5 
1263 2053 1532 221 491 1 1538 5 828 687 599 2054 
96 1127 2055 2056 686 112 5 329 
5 13 1271 1827 1867 765 
68 2057 1259 164 631 5 2058 261 253 313 1110 741 1355 102 1854 1385 2059 223 491 1103 2060 
705 5 1786 102 400 1403 125 187 
10 156 250 5 
468 5 558 
204 558 5 559 523 560 561 562 376 563 564 565 
203 60 619 444 2061 5 502 
1447 259 629 2062 5 
607 124 780 265 5 27 
362 444 5 1023 252 2063 441 711 465 259 660 16 961 2064 2065 156 1354 1030 13 1195 
2066 1453 384 5 166 1639 2067 52 1925 1043 59 436 1051 2068 
229 320 30 178 5 2069 2070 2071 2072 172 1572 1067 2073 74 1074 1882 2074 
694 5 695 
2075 2076 498 2077 378 1471 87 5 957 285 2078 226 
694 5 695 
1588 30 47 131 5 1977 59 
1239 460 1328 366 678 5 679 1348 517 449 
523 498 386 5 559 191 125 1289 2079 519 107 329 1657 1946 
460 1024 348 329 2080 1943 243 2081 2082 96 519 176 962 191 5 1500 533 1073 2083 
50 30 1 5 
96 681 2084 848 905 5 2085 252 172 339 238 156 923 10 4 
50 5 91 2086 2087 400 602 426 305 2088 1428 1282 263 2089 863 165 2090 379 2091 
5 329 448 1285 2072 21 2092 1124 
2093 718 2094 5 706 340 1982 2095 711 2096 549 
446 122 5 
122 16 1977 27 600 44 2097 5 259 2098 238 329 1498 182 2099 235 41 457 1373 263 352 
289 1413 5 329 2100 210 1053 441 2101 1363 1140 371 1 725 172 868 961 57 1017 
2102 2103 5 2104 391 2105 569 
678 5 2106 2107 2108 2109 189 102 508 444 863 2110 2111 112 2112 899 1083 2113 174 
13 787 2114 502 5 2115 2116 2117 876 
7 13 717 2118 27 92 2119 30 682 93 329 519 5 1719 1487 
1467 648 35 404 310 109 571 82 579 24 312 220 112 5 158 
1923 231 44 363 1348 663 5 523 
113 5 335 313 43 340 166 187 1105 259 1 57 84 717 205 631 
460 5 1815 
962 1789 2120 1860 1681 284 2121 759 5 2122 989 2123 2124 86 1598 26 
178 296 710 351 465 673 663 5 169 1064 34 958 273 667 160 
1584 472 5 497 839 1396 1244 
5 826 229 122 49 59 52 54 
1240 5 283 58 2116 92 2125 599 
2126 1547 2127 228 1240 2128 203 91 5 
400 5 266 
908 2129 178 41 235 5 322 528 2130 
5 220 336 2131 606 2132 2133 836 2134 1325 1244 348 523 
96 1374 866 207 383 5 498 386 2135 298 669 517 2136 
103 289 2137 2138 2139 231 617 2140 5 2141 122 801 567 
2089 215 2142 313 841 389 2143 1089 657 2144 710 340 441 5 2145 2146 2147 
5 313 1396 1061 2148 2149 831 2150 510 425 896 470 370 2151 1363 193 827 706 
53 1124 5 2152 2153 
180 254 187 5 711 266 53 2154 178 2155 495 2156 57 982 981 2095 729 1850 
396 2157 80 2158 2159 44 5 2160 1685 252 339 337 985 2161 863 2162 1107 2005 
1192 5 841 1176 2163 337 2164 2165 30 2166 
2069 415 2167 1983 5 53 
2168 5 
2169 5 178 1702 103 465 207 1069 
875 973 1253 1772 318 2170 5 448 512 468 
103 30 5 1477 10 2171 2172 919 102 178 
2173 5 506 2174 2175 784 
198 1143 9 2176 2177 377 23 461 2178 2179 465 131 313 905 2180 5 340 845 2181 
44 216 378 1471 2182 5 1719 669 390 1088 200 321 1355 523 30 122 1720 559 107 474 
5 460 675 2183 786 679 
27 2184 2014 521 360 5 1162 30 717 232 2185 2186 667 1100 2187 425 632 2188 2189 69 2030 34 
178 5 102 197 606 91 362 374 64 
197 5 
96 5 606 662 2190 2191 2192 287 2193 2194 1725 2195 
1163 30 27 266 1205 387 1121 98 5 2015 2196 44 320 1058 2197 
694 240 5 695 696 697 
30 112 387 1624 411 5 31 718 1925 1333 398 2198 1629 2199 105 1254 2137 2200 2201 
266 629 1497 1350 113 5 2202 2203 
2204 1 586 247 2205 717 865 5 863 718 2206 
979 1181 1657 91 5 
2207 5 1616 1067 
59 5 1325 776 
697 266 2161 2208 5 1639 507 626 146 178 990 828 172 2209 88 2210 
5 
220 172 1854 423 2211 1210 5 2212 
721 372 706 60 2213 402 96 626 958 2214 2215 5 
1097 2216 2217 52 549 91 443 783 446 5 2218 981 741 193 1772 318 27 132 
134 498 386 5 
828 312 5 2219 2220 2221 
624 1441 421 96 1330 1164 1331 229 1332 113 5 683 340 2222 197 
335 2223 1422 1375 5 89 1961 30 727 451 
51 717 57 1479 2224 1 266 1325 5 172 96 248 44 337 1184 626 2097 567 1074 528 205 400 
841 1385 540 541 546 250 949 542 5 
5 1085 2225 405 2226 754 
204 558 5 559 523 560 561 562 376 563 564 565 
207 2227 512 113 52 5 841 335 2228 1616 
1664 187 2229 5 1097 2230 1790 2231 1525 298 648 53 690 134 197 96 2017 725 718 207 248 
96 2232 2233 328 1943 827 1783 203 87 34 2161 1209 1840 1303 5 1256 
275 1189 320 2234 760 252 1825 609 5 1304 863 2235 2236 2237 1821 866 334 2238 
122 5 337 91 2239 368 1034 2240 96 1444 1143 21 2053 382 1251 
2241 1 5 2242 2243 1096 925 444 
181 1648 1831 762 564 2244 2245 1897 112 794 362 34 5 1845 
969 340 5 
96 248 1056 32 1012 1000 87 5 848 2246 1735 740 1677 2247 378 89 425 2248 2249 
551 2250 380 5 1444 2251 1396 2252 
180 67 2253 270 5 2254 642 661 444 2255 2256 2257 
78 153 2258 2259 519 2260 5 7 
5 391 2261 102 521 833 1255 449 
181 469 2262 370 52 252 2263 727 30 5 710 13 
5 27 235 602 
993 91 5 517 2264 498 1071 
274 96 2265 1348 313 5 1685 863 2266 2267 
760 2268 2269 2270 2271 2272 1668 260 828 446 2273 219 5 
568 554 508 420 863 701 237 5 1280 
602 76 421 16 714 2105 1525 709 180 961 122 5 1702 41 2274 2275 2276 1777 
697 1124 2277 69 437 83 1468 1664 5 51 993 2278 
51 372 180 289 253 5 1787 194 27 491 1376 1 827 598 2279 2280 498 
11 780 169 584 57 27 5 969 2281 
694 240 5 695 696 697 
178 1436 2282 5 34 308 57 152 2283 396 1685 1495 107 474 2284 625 1688 
5 766 258 
103 2285 609 5 107 199 200 
787 1279 237 466 2286 940 2287 362 1657 56 446 2288 5 329 
313 141 34 252 5 1067 469 2289 172 990 31 51 1163 238 91 
114 871 5 
2284 207 31 2290 2291 46 5 876 52 2292 425 592 1387 103 231 458 34 2079 
53 567 993 881 1384 710 259 32 5 759 503 1018 809 810 
989 217 168 718 1124 5 1140 370 38 2293 2294 
1 266 52 5 259 231 
1103 254 969 5 172 2295 2296 990 266 1097 760 207 576 660 1797 579 2297 2298 59 2299 1634 52 310 123 
154 2300 828 906 5 
96 2301 263 433 1453 5 200 2302 
1447 2303 5 220 1466 1870 1406 2304 2305 
207 421 735 187 2306 5 28 2307 49 
21 248 337 2308 1937 2300 448 5 
908 223 5 528 737 
43 5 1589 
2309 363 5 74 400 346 2310 2311 1573 
5 166 34 
1696 1458 5 197 906 2000 146 523 
2312 10 2313 5 495 391 
759 5 1506 
709 908 705 5 573 613 1495 107 510 2314 507 1201 480 2315 53 48 
27 59 2316 979 5 924 1628 2317 1071 96 84 116 1008 200 180 2318 
981 568 2319 57 60 180 1412 2320 5 841 969 932 2321 1297 
2322 52 288 187 235 58 706 1426 2323 446 60 507 5 2324 67 527 1949 2325 
0 319 320 52 810 5 1168 548 140 2326 
1348 517 134 1927 102 780 5 1 1609 114 1107 327 1625 2008 386 
265 1536 5 486 1757 164 2327 48 263 1 700 43 613 13 
2328 204 5 83 2329 200 1124 
561 2210 5 2330 55 57 2331 
217 484 399 2332 49 2333 5 57 164 2334 
2335 78 81 79 452 494 287 2336 1008 528 2337 609 2338 5 
96 5 2339 2340 449 
934 180 5 
229 92 32 2341 5 2342 718 614 304 
1140 386 2343 665 5 437 2344 1668 34 107 868 153 243 2345 
334 30 1 259 83 888 198 819 252 266 315 2045 60 626 146 389 5 2346 466 
1573 5 882 34 
566 248 5 2347 444 96 517 283 187 30 
189 738 2348 5 721 102 382 91 2349 1514 840 587 2350 1321 266 715 2351 
2312 1037 13 2352 51 59 999 1 5 576 1831 164 617 113 602 686 112 114 287 458 
96 205 2353 751 1872 349 935 5 576 947 230 381 378 1796 113 297 59 2090 1616 2354 97 
57 1871 5 91 1635 53 2355 
460 5 197 854 1 787 18 626 576 1458 87 254 1533 96 283 
96 2301 263 433 1453 5 
198 351 305 1426 506 27 153 1583 551 16 5 2356 2357 536 
229 1450 533 82 382 1249 1536 1025 2358 970 2116 5 2359 478 2360 2361 741 
2362 1590 2363 2364 2365 146 361 5 231 568 648 
5 2366 472 2367 678 2353 411 494 
1734 1973 646 568 178 5 2368 44 1160 
5 194 924 50 1248 122 1584 43 2369 2370 2371 
425 669 2372 2373 5 2374 321 367 
141 737 2375 258 771 930 82 1122 875 30 1348 2376 5 441 2377 4 254 
122 973 2378 5 1217 632 697 44 1838 96 2379 2380 2381 1067 259 2382 1 1377 1316 932 2383 
412 5 569 2384 87 27 
2385 2386 1347 771 2387 2388 371 1870 1436 2389 2390 2391 2392 30 27 502 5 
5 2110 2393 
2394 2016 289 1757 5 157 394 2395 27 58 1790 
2133 1021 5 1639 344 275 626 146 
41 2396 1074 5 458 13 320 2397 2340 134 1656 2398 449 
1158 5 498 386 27 715 561 30 164 2399 180 334 2398 191 
800 289 721 5 24 53 2400 371 40 472 180 
425 738 833 5 
403 755 629 429 2401 1488 78 2083 667 401 1 65 5 780 828 242 248 10 1130 1213 
50 2402 96 663 472 52 1324 240 529 2403 2404 117 981 378 2405 5 2406 1333 1616 992 771 
376 1781 2063 60 985 1324 1882 2407 2408 1321 2289 2170 5 
390 923 868 665 841 5 1239 1 289 91 1694 1212 376 2409 440 169 1140 383 667 
141 2410 5 613 2411 
52 1254 391 659 5 614 67 1447 298 778 1384 2412 826 
651 5 112 613 100 107 
2413 25 79 1189 402 5 400 528 1249 2414 2415 696 2416 
435 436 5 437 
78 5 405 2417 363 2234 727 
2418 1998 452 1454 505 2088 178 5 2125 498 2419 
337 993 113 297 97 5 484 881 52 91 1931 2083 1328 379 
5 137 197 2420 751 1239 565 
425 172 252 59 5 
561 102 841 1385 621 1106 146 833 5 1624 31 411 508 60 765 2421 983 2422 63 2423 96 2424 
661 275 752 857 2425 2396 16 1299 1 1396 1428 1282 1321 565 5 91 715 1376 729 2426 
642 171 2427 44 2428 266 2054 156 1392 1787 194 142 329 2352 2429 1785 5 2430 
2185 2431 1285 301 2432 5 693 88 2433 398 1312 82 141 327 200 94 
5 44 405 338 820 683 
178 5 91 
675 43 1477 1149 82 5 1071 83 
2434 2435 2436 2399 881 1299 2406 313 92 1217 2437 121 5 2438 2439 1196 2440 2441 474 123 1852 
1294 1468 132 2442 766 1552 2443 2444 5 762 398 2445 1173 105 27 52 283 
287 96 1420 2446 498 84 405 742 5 50 
275 1128 833 5 2243 1514 2447 2217 1389 590 2448 1757 56 2449 2450 
382 826 2451 5 1042 182 2210 2452 2453 141 265 
5 141 20 109 266 106 1843 454 
425 841 600 5 2454 2455 2203 2456 404 
646 312 1043 59 164 362 1030 2457 2458 1385 2459 1490 2321 2227 512 1384 1 266 1991 5 
1173 158 2460 5 
1199 5 2461 2462 715 1085 
5 32 113 1593 525 1051 92 274 237 2256 
204 558 5 559 523 560 561 562 376 563 564 565 
46 5 474 
103 962 466 2463 5 120 231 14 200 1092 1185 122 507 334 2464 318 
96 1 866 5 1376 1977 502 229 621 312 220 1037 2465 2466 1763 2467 273 
766 2019 2468 2378 789 5 57 576 568 
2469 718 372 229 2470 96 691 394 1350 180 973 2471 2472 5 
958 54 156 959 5 679 329 1124 
207 34 2074 467 940 2449 1466 830 5 2473 59 2474 
57 626 102 2470 92 287 1074 876 458 172 2475 925 2476 178 5 
59 91 906 929 92 2477 52 5 1564 146 1135 208 
10 548 153 1185 275 2478 2479 2480 510 2481 472 5 701 79 43 474 141 
1146 1876 27 231 5 207 57 2482 1070 94 168 1759 398 2483 
1447 2484 168 2070 51 122 289 2485 941 176 1679 841 125 5 584 2486 
2487 5 2488 2489 178 
313 1043 123 2490 2491 114 5 220 1 835 1455 446 1176 
1579 759 642 5 1122 451 
2492 1695 5 924 1042 769 2493 1240 2494 2495 346 2496 1902 2497 52 2498 1573 2499 
266 100 1658 535 1818 5 
2500 5 
425 30 472 715 5 1348 
633 1324 240 5 1842 1440 
2002 59 5 2501 444 411 2502 2503 2504 96 638 480 123 178 2505 266 
717 32 2506 1499 5 1694 448 
112 484 5 423 
516 409 626 146 193 207 5 
96 2507 2508 1386 424 2509 102 2310 2355 2158 266 1831 1449 2510 2511 5 2512 2513 1141 
646 335 5 467 711 587 395 759 584 131 30 2514 599 2164 1785 
958 54 156 959 5 679 
252 301 444 1097 925 60 1279 995 2515 2516 82 83 102 590 166 52 5 528 345 
882 2517 65 2518 5 1497 2369 881 725 1470 1021 291 659 31 599 2519 
5 1921 
203 987 718 5 2520 194 104 2521 947 672 212 579 2057 231 2522 568 213 178 1589 
660 191 1 5 528 64 
51 1027 2523 335 5 52 287 
59 30 5 448 2524 2525 2526 2527 2528 2338 2529 2530 212 2531 1259 872 1304 1321 
159 549 1867 1110 5 626 102 2016 2532 1030 874 596 260 2533 1402 472 100 2534 2535 1256 298 444 2536 2537 
337 1592 335 266 5 1664 2538 104 2539 379 
969 5 112 498 
2540 335 5 2541 102 2542 2543 
275 1626 929 833 5 596 114 686 
2544 2545 1449 2546 2547 780 1169 1770 2548 2549 1089 793 403 2550 362 858 5 582 2029 2551 
5 391 1719 1457 576 876 1592 1623 
2207 5 
5 446 2552 2553 564 2554 2555 2415 2556 932 2557 338 252 1212 
2558 181 287 57 16 2559 340 113 5 602 1412 396 2560 
2561 1002 5 584 
2562 5 275 881 1189 1536 444 2563 48 962 112 794 106 1004 1853 874 220 841 1385 505 2564 
2565 337 1495 602 2408 20 1536 444 411 5 312 1853 220 425 1468 84 104 219 59 98 
613 52 30 910 1456 841 13 113 102 335 600 1586 1108 15 5 720 387 59 
5 2449 2566 2567 288 2415 725 1359 202 
425 146 2568 670 2569 996 32 2570 5 79 1659 962 810 266 153 367 
760 2571 273 2233 325 2572 2573 2574 289 5 2575 2576 470 1216 706 63 526 1403 
113 5 195 2577 335 1615 579 340 96 2578 2579 237 2580 1402 1646 266 2581 110 
367 844 229 1639 5 1584 
46 1216 1530 2582 440 888 5 2583 1746 819 2584 2585 1567 
5 1694 2586 1187 2587 1730 11 2153 59 2588 
1206 5 498 
507 5 13 123 
534 79 1659 378 5 205 
361 519 37 383 382 2506 1471 329 1706 559 1054 5 2432 498 197 51 566 1336 
444 254 5 919 1097 2589 141 96 2590 2591 2592 1 2593 1495 1440 2594 2595 925 2596 41 55 1525 164 2597 
1354 5 
2284 287 5 613 1 729 1982 4 53 
52 1745 5 
76 687 2598 5 1164 2599 21 1314 
958 54 156 959 5 679 329 1124 
1277 337 484 1385 5 2410 2600 1877 312 146 2601 1271 141 1679 193 2039 376 1162 
5 43 979 1326 2602 2603 331 755 300 2357 
5 
433 848 778 691 2604 468 2605 2606 5 863 1566 1831 2607 
5 220 468 100 59 4 2608 2609 719 718 2610 
2312 96 64 1 5 2611 2612 220 411 
96 2613 759 5 986 1609 1116 
2614 881 1636 2615 5 759 178 
57 774 64 5 194 1 2616 
5 411 1702 1520 111 96 667 337 
5 1753 1722 2617 548 2618 231 131 498 2619 
2470 197 1863 468 705 11 2620 2621 105 53 2622 688 347 1670 1077 2623 313 1420 2624 775 5 480 
642 193 30 1 259 600 5 281 818 597 446 59 1466 379 561 146 
706 298 2625 172 5 57 1430 44 2626 2627 2628 718 1 2629 
361 2630 1436 2631 2217 833 5 2632 60 2633 2634 
5 137 260 1867 2635 2045 1402 2533 13 2636 1925 1681 96 60 528 481 2637 109 1022 2125 
113 5 229 1662 669 64 2354 2638 381 2639 306 
1639 1185 312 313 766 2640 198 2641 2642 47 82 1453 5 411 44 390 642 1042 
2643 1290 5 566 2644 626 2609 
55 5 2449 632 146 2645 2646 
2277 84 259 11 845 1583 507 337 257 5 329 717 1587 2647 2648 898 1 468 
2649 335 5 35 2650 203 2651 2652 2653 1711 158 2263 519 191 2063 65 49 2654 837 2655 
472 5 84 
165 1831 1962 134 923 92 2237 2656 5 411 1303 154 2657 
122 5 2658 2659 386 318 2660 
259 5 2661 2332 16 1 969 828 973 41 441 56 1141 667 1785 2662 141 
573 1683 1238 1761 36 1471 60 1480 833 5 2663 727 1376 1978 2664 159 1458 2665 30 
266 5 498 287 64 1081 2666 
603 425 27 53 141 2667 91 1100 765 2668 2563 5 1166 
506 421 738 942 446 617 113 5 2669 659 725 2670 57 
200 5 
346 2380 1222 5 1073 322 34 980 181 178 96 2671 274 287 
382 415 1 113 5 576 2672 259 1111 1714 1035 403 287 
96 247 446 2673 568 372 55 587 1 697 57 132 1598 839 5 398 441 
212 2674 228 218 78 1 88 2675 2483 102 32 5 2676 568 2677 1646 1586 
178 5 2678 
2679 782 1839 536 537 538 343 2325 2680 2346 466 5 785 2681 57 2263 104 
207 92 5 2682 2683 2684 2685 1042 2686 
5 
682 1584 1186 172 43 2369 340 5 1730 924 759 
41 5 112 
274 2687 2688 498 52 5 1681 259 599 512 349 1664 841 59 104 2689 2690 32 2526 2691 2692 1128 717 25 
1453 5 24 467 2693 446 112 
493 599 259 52 1847 569 469 1 231 2694 5 
854 678 5 679 
425 2695 688 5 55 172 125 
92 32 5 411 1728 52 2696 2697 
2698 2699 2700 2701 5 
2702 259 180 2703 1575 567 248 1682 5 494 2704 205 982 200 27 320 254 1189 
460 1327 197 5 1 854 
508 2292 2705 1780 928 2706 200 5 
5 1466 157 
96 5 416 
760 837 980 2707 1012 2708 2709 5 53 404 110 766 1602 
5 362 
60 320 5 1378 
613 52 1495 107 510 561 311 627 146 314 5 212 254 
96 2658 627 112 1703 379 5 229 92 1030 1051 2544 
1931 5 
96 1049 5 124 1 59 
50 107 1564 1140 159 784 1978 1096 440 1444 674 896 470 5 506 1661 2710 2711 1002 1121 
189 980 1584 1186 172 599 2512 5 
204 558 5 559 523 560 561 562 376 563 564 565 
82 102 268 614 182 923 178 67 47 164 708 1943 1062 109 331 320 52 5 
44 648 5 2294 32 2632 615 928 766 100 123 259 2712 706 
87 680 274 1 5 172 751 349 55 2658 
180 2125 2713 2714 1200 2128 2366 5 207 263 783 259 100 107 613 52 
50 52 5 24 
697 5 1520 2715 88 609 
96 1017 113 5 1412 4 193 248 1049 197 301 1679 2716 1646 2717 1199 104 
958 54 156 959 5 679 449 287 44 460 31 
1264 5 100 107 
506 172 1176 5 621 
207 340 2718 1185 2719 857 1732 329 47 2063 5 
17 2720 496 2022 113 5 322 2721 2722 77 79 338 899 1 52 2663 7 2665 
2312 51 1469 64 266 1199 312 717 237 5 229 180 164 2723 
207 92 32 5 411 
104 5 1685 159 30 400 1430 2724 2725 1173 681 2726 
1486 498 507 5 102 1594 1 266 92 259 213 52 497 
57 16 1 2289 238 10 178 41 1172 5 793 70 2727 59 1114 2728 2729 505 
0 314 687 2730 113 297 1428 1282 1448 1730 5 2731 91 608 
1079 53 27 958 519 646 131 434 5 2170 2732 1249 2733 235 2734 239 
2735 254 5 2736 2737 266 
568 189 452 321 53 1671 56 2738 43 2739 826 499 875 207 1074 402 245 765 5 2740 91 2741 2742 2006 
34 1882 929 708 335 5 59 428 340 231 58 
383 1071 667 2182 5 1720 
1043 59 2743 84 2043 2744 1 52 2745 999 5 112 989 141 1188 2746 2430 2747 
10 2748 286 113 5 
637 446 5 498 502 1321 91 252 266 2749 27 715 1 
207 2172 59 762 564 673 5 425 2750 2751 
2002 266 231 705 5 
5 2752 1405 1360 
5 1396 2087 94 207 263 999 
96 289 2753 2754 2233 2755 125 243 2756 438 2259 958 632 925 17 5 575 
400 2757 91 314 69 5 32 2041 2758 1362 1030 2759 2760 491 
469 2761 59 5 164 1497 2762 2763 531 1240 27 2764 2213 
50 178 5 1041 102 
567 637 231 600 5 2273 1681 2765 690 1772 318 
602 827 609 5 2766 57 379 
272 2767 1657 378 87 1207 320 833 5 2464 
646 335 5 275 
57 2768 2769 207 93 1162 92 2770 2771 677 237 1314 876 531 1257 2772 2773 2774 2775 5 
975 178 5 
168 2776 5 2307 
2243 2136 5 
5 2777 638 
697 229 169 2778 465 2779 55 1796 69 5 441 1096 
460 1533 5 
5 609 2659 2780 1533 204 197 377 2781 335 725 
2185 466 2782 2783 252 213 52 1100 718 2784 2422 1071 301 1541 2678 2785 5 
52 5 
180 941 5 457 340 2786 1004 220 2787 1933 539 925 2605 458 44 2788 2789 2790 
207 631 5 1882 566 
2791 441 2792 665 1365 5 
1515 1922 363 5 
973 1158 189 1744 5 449 
5 2188 386 2284 1977 1758 2793 107 839 381 2115 505 283 559 841 2794 1398 363 663 207 
259 1413 102 1021 5 858 1318 584 178 2795 59 2658 82 
335 5 30 923 2796 2797 2058 345 508 444 1097 1062 706 1100 148 858 421 1239 
1227 2798 141 841 519 172 903 1694 2229 714 82 684 1735 780 2799 5 1140 252 2800 376 1395 51 1392 502 59 
5 
697 5 771 
47 566 613 1362 232 2801 993 1216 751 274 1070 5 23 48 2802 632 
248 337 1679 329 238 43 5 2803 452 321 100 59 
338 102 54 2169 229 2458 2804 5 10 1754 
260 2805 1664 2806 828 5 220 659 106 
32 1090 88 521 2807 142 329 2808 5 1124 
2809 561 60 247 1449 248 845 329 1065 5 152 2045 
181 792 1977 498 260 52 421 1375 1 5 27 61 494 266 2192 2105 2810 59 800 573 
425 1852 1681 5 
5 737 2811 2567 288 55 2812 632 141 52 
960 18 5 569 
1257 780 2813 881 1 2814 466 213 2815 5 425 267 11 819 217 469 722 
449 433 2816 879 5 391 396 2817 137 1614 
57 82 84 159 60 833 5 2818 2819 1123 1124 
697 191 379 5 338 2820 93 
1168 2017 2821 2352 5 923 1788 52 1745 474 
78 1649 710 2042 1722 2822 102 881 1 2823 2824 491 5 506 104 2125 2556 
351 72 1890 888 2090 519 2357 190 2185 245 1205 5 2430 
437 261 321 57 964 5 96 209 252 55 809 94 
2825 5 23 2826 780 
181 229 2827 5 1719 
717 5 370 34 
2828 267 1140 424 868 5 
181 59 104 178 2829 705 5 2830 2831 1719 51 219 1491 74 2832 27 2833 43 1 254 
506 5 156 107 1195 59 
96 197 413 91 231 52 5 495 198 2834 2658 648 
2835 2090 1227 554 5 159 366 2836 2837 2838 2839 2840 273 759 1371 1282 529 1446 1333 
105 404 5 266 602 599 2173 
2291 787 546 10 1139 141 266 566 46 717 915 2290 74 949 833 5 429 626 681 
263 801 5 58 787 2819 
46 1428 2841 5 1426 
960 18 5 569 
2842 2843 466 444 2844 422 2845 488 146 981 1763 248 623 1348 2846 2847 5 2848 2849 
5 584 372 
2850 1521 962 2851 833 5 47 113 152 1838 
10 2852 79 266 178 5 
50 2853 2854 2127 2855 1740 5 1583 
1385 710 104 522 5 908 309 
10 2016 1848 2856 865 737 2470 5 2857 
461 2177 754 172 2064 494 1384 444 2858 2859 1527 780 1546 2860 848 2233 5 1 1662 2861 466 2862 
485 310 52 2863 1428 1282 1017 113 5 63 2864 710 497 484 2865 1441 516 1280 
2862 5 
592 5 287 
2310 2866 74 59 1023 141 411 238 507 5 84 621 444 2867 231 1119 1575 
