0 1 2 3 4 5 6 7 8 9 10 11 12 13 
14 15 16 17 18 19 20 21 10 22 23 24 25 26 27 
28 29 30 31 32 33 34 10 35 36 
37 38 39 40 41 10 42 43 33 44 45 46 47 48 49 
50 51 52 53 54 55 56 57 10 
58 59 60 61 10 62 63 64 65 66 67 68 69 70 71 72 73 
74 6 75 76 77 78 66 17 79 80 81 10 82 
83 84 85 86 87 10 88 89 90 6 
91 92 10 93 94 95 96 
97 98 99 10 100 101 
102 103 104 105 106 107 108 109 110 111 112 113 10 114 115 116 117 
118 119 120 10 121 122 88 123 124 125 126 127 128 28 129 130 
131 10 132 133 134 135 136 137 138 139 140 141 142 143 
144 10 145 146 147 148 28 149 150 151 152 153 154 
155 156 157 158 159 160 101 161 57 162 112 10 163 164 165 105 
166 167 168 169 170 171 172 173 174 175 30 176 177 178 10 124 179 67 165 
180 181 182 183 10 184 185 186 187 
136 2 3 151 188 189 10 
190 191 10 192 193 194 195 33 196 197 
28 198 199 200 201 202 165 203 161 204 205 206 90 207 10 
10 208 209 20 210 181 211 
51 165 212 189 10 
33 50 213 214 215 10 6 90 
216 217 218 219 220 221 222 223 224 225 40 112 226 227 228 10 229 230 231 232 233 
156 234 235 10 236 237 
10 238 123 
239 240 241 242 243 244 245 246 247 248 249 10 250 
33 127 251 26 252 253 66 254 255 256 10 165 257 221 258 259 260 3 192 261 262 263 
33 264 265 266 171 267 105 51 219 10 268 
269 270 10 238 123 
156 227 97 98 99 10 102 219 47 271 272 
273 274 264 10 
129 275 276 277 278 279 280 281 282 283 284 10 285 286 
287 189 10 288 289 290 291 292 293 294 192 295 296 297 298 299 300 301 302 303 
8 304 10 305 306 84 89 307 308 219 225 165 309 40 
310 311 312 313 219 314 315 316 317 152 318 10 319 320 91 321 322 
23 323 285 324 226 325 326 227 159 10 88 327 172 328 329 28 330 84 331 332 333 334 335 336 337 338 
339 340 33 51 72 203 53 172 341 342 123 165 205 10 
343 10 88 344 282 345 346 347 348 349 350 227 351 352 353 33 
28 6 354 193 355 356 10 357 358 359 360 361 362 363 364 288 365 366 367 
97 57 367 368 369 165 47 370 371 10 372 373 353 374 375 376 21 346 
377 378 379 321 322 170 92 380 104 362 189 10 202 381 382 383 
142 353 384 165 10 171 376 372 385 386 371 199 387 
388 389 215 10 390 391 392 393 394 395 219 206 396 397 288 398 399 26 185 
28 257 387 119 400 330 401 172 402 403 368 404 384 165 10 
250 50 405 10 406 
407 408 10 
40 409 26 410 411 10 370 166 
28 412 413 10 199 414 415 416 390 377 417 
418 419 420 266 421 422 10 254 423 424 425 426 165 427 428 429 
23 430 28 328 431 432 185 10 
433 368 203 434 435 215 10 403 
378 403 156 436 417 10 437 285 438 439 440 441 408 442 
105 443 444 445 165 446 447 378 448 370 449 450 6 283 10 451 381 452 453 454 455 456 457 458 
459 460 461 462 156 463 464 465 466 467 468 165 227 28 469 10 470 286 471 
472 97 473 474 73 10 475 325 476 477 326 478 479 399 181 
480 481 482 378 384 10 
10 156 
483 484 165 485 227 486 487 254 488 489 10 
92 490 491 492 10 493 494 495 496 497 498 
10 
124 499 500 501 185 502 10 503 504 
102 281 413 505 506 10 507 33 238 508 
26 509 221 510 285 511 380 10 512 
228 10 513 514 
51 58 515 10 516 517 518 519 520 227 521 430 40 105 403 522 523 
524 525 526 527 528 10 529 530 531 
532 68 496 533 534 297 535 10 
536 379 158 33 507 537 343 10 150 468 227 538 
539 540 541 542 543 215 544 384 203 545 546 28 547 548 106 549 22 10 
10 550 172 551 18 
407 552 441 553 10 406 342 165 328 370 162 51 554 555 397 556 557 536 
558 435 243 559 439 10 560 561 
52 10 556 562 339 
563 75 236 45 564 10 565 566 205 40 221 233 
567 568 569 103 570 10 297 571 572 573 574 405 418 575 576 
564 577 124 578 579 580 581 582 583 584 405 10 585 586 587 588 
28 589 590 591 97 98 99 10 592 
351 378 593 10 594 595 596 597 598 
23 85 599 341 486 238 92 227 436 10 339 
600 202 230 213 68 601 544 177 602 10 51 185 603 69 112 604 325 227 221 
395 10 242 605 
606 607 10 608 609 610 
84 611 567 612 613 614 226 615 616 617 10 
618 165 619 105 199 620 621 99 238 10 413 351 
10 88 327 297 381 384 73 622 
28 623 379 413 10 537 97 624 625 62 626 627 
628 380 629 10 57 630 298 631 632 633 
634 635 403 28 636 380 228 628 10 150 55 637 638 205 221 
446 639 640 641 165 642 119 54 643 644 645 10 498 646 647 648 649 245 
650 181 651 652 653 612 654 655 656 657 67 658 129 66 659 10 660 661 340 662 
286 663 6 664 665 666 10 30 599 464 667 326 102 668 669 670 340 
378 671 258 28 672 92 10 673 318 332 73 127 674 
28 675 676 629 10 47 435 677 678 408 679 88 
680 681 305 682 10 683 
684 685 622 686 308 687 483 555 688 10 599 
689 690 691 490 692 329 693 694 195 216 105 380 192 558 215 10 
261 695 334 439 10 227 696 57 112 118 105 
697 698 699 700 10 339 
227 10 413 701 
